0,310
0,305
0,567
0,308
0,307
0,302
0,304
0,303
0,571
0,12
0,497
0,10
0,8
0,0
0,486
0,464
0,300
0,404
0,299
0,485
0,574
0,298
0,540
0,412
0,297
0,444
0,401
0,296
0,552
0,463
0,295
0,546
0,462
0,294
0,399
0,400
0,293
0,461
0,390
0,292
0,554
0,403
0,291
0,434
0,397
0,290
0,538
0,459
0,289
0,374
0,482
0,288
0,477
0,396
0,287
0,458
0,330
0,286
0,457
0,341
0,285
0,512
0,393
0,284
0,424
0,480
0,283
0,411
0,455
0,282
0,454
0,392
0,281
0,479
0,417
0,280
0,478
0,378
0,279
0,531
0,389
0,278
0,535
0,452
0,277
0,451
0,555
0,276
0,361
0,388
0,275
0,387
0,274
0,549
0,386
0,273
0,402
0,449
0,272
0,317
0,385
0,271
0,474
0,438
0,270
0,447
0,545
0,269
0,534
0,382
0,268
0,533
0,537
0,267
0,439
0,446
0,266
0,418
0,381
0,265
0,518
0,380
0,264
0,550
0,379
0,263
0,527
0,445
0,262
0,342
0,377
0,261
0,530
0,394
0,260
0,508
0,398
0,259
0,569
0,563
0,258
0,529
0,476
0,257
0,443
0,367
0,256
0,372
0,511
0,255
0,507
0,370
0,254
0,376
0,506
0,253
0,528
0,442
0,252
0,468
0,369
0,251
0,441
0,368
0,250
0,505
0,383
0,249
0,346
0,366
0,248
0,526
0,484
0,247
0,504
0,246
0,460
0,365
0,245
0,332
0,364
0,244
0,436
0,363
0,242
0,435
0,523
0,241
0,551
0,362
0,240
0,503
0,405
0,239
0,494
129,0
0,547
129,3
0,521
0,525
129,4
0,553
0,568
0,573
0,577
0,578
2,4
2,5
2,7
2,9
2,11
2,13
2,16
2,18
2,19
2,21
2,23
3,0
3,3
4,0
4,2
4,4
5,0
5,2
5,3
7,1
7,3
8,0
8,2
8,3
9,1
9,2
9,4
10,0
10,1
10,3
10,4
10,6
12,1
12,2
12,4
13,0
13,2
13,3
14,0
14,2
14,3
14,5
14,6
15,0
15,2
15,3
16,0
16,1
16,3
17,0
17,2
17,4
18,0
18,2
18,3
20,0
20,2
20,3
20,5
20,6
20,8
20,10
20,11
20,13
20,14
20,16
20,17
20,19
20,21
20,22
21,0
21,1
21,3
23,0
23,1
23,3
23,4
25,1
25,2
27,0
27,2
27,3
28,0
28,1
28,3
30,0
30,1
30,3
30,4
31,1
31,2
31,4
33,1
33,2
34,0
34,1
34,3
35,0
35,1
35,3
35,4
37,1
37,2
37,4
39,1
39,2
41,0
41,1
41,3
42,1
42,2
42,4
43,0
43,2
43,4
45,0
45,2
45,3
46,0
46,1
46,3
48,0
48,1
48,3
48,4
49,1
49,3
49,4
49,6
49,7
50,1
50,2
50,4
52,0
52,1
52,3
52,4
54,1
54,3
54,4
55,1
55,2
57,0
57,1
57,3
58,0
58,1
58,3
58,4
60,1
60,3
60,4
61,1
61,2
61,4
62,1
62,2
62,4
62,5
64,1
64,2
64,4
66,1
66,2
66,4
66,5
67,1
67,3
67,4
69,1
69,2
69,4
70,0
70,2
70,4
70,5
71,1
71,2
71,4
73,1
73,2
73,4
73,5
74,0
74,1
74,3
76,0
76,1
76,3
77,0
77,2
77,4
78,0
78,2
78,3
80,0
80,1
80,3
81,0
81,1
81,3
81,4
83,0
83,2
83,3
84,0
84,1
84,3
85,1
85,2
86,0
86,1
86,3
86,4
88,0
88,2
88,3
90,1
90,2
91,0
91,2
91,3
92,0
92,1
92,3
92,4
93,1
93,3
93,4
95,0
95,1
95,3
96,0
96,1
96,3
96,4
98,1
98,2
98,4
99,1
99,2
99,4
100,0
100,2
102,0
102,1
102,3
102,4
103,1
103,3
105,0
105,2
105,3
106,0
106,1
106,3
108,0
108,1
108,3
108,4
109,1
109,3
109,4
110,1
110,2
110,4
110,5
112,0
112,2
112,3
112,5
112,6
112,8
114,1
114,2
114,4
114,5
116,1
116,2
116,4
116,6
117,0
117,2
117,3
117,5
117,7
118,0
118,2
118,3
118,5
118,7
119,0
119,2
119,3
119,5
121,0
121,2
121,4
122,0
122,2
122,3
123,1
123,3
125,0
125,2
125,3
126,0
126,1
126,3
128,1
128,2
128,4
129,2
131,1
131,3
131,4
131,6
131,7
131,9
131,10
131,12
131,14
131,15
131,17
131,18
131,20
131,22
131,23
131,25
132,0
132,2
132,3
134,0
134,2
134,3
135,0
135,1
135,3
135,5
137,0
137,2
137,3
137,5
138,1
138,2
138,4
138,5
140,1
140,2
140,4
141,1
141,2
141,4
143,0
143,2
145,0
145,1
145,3
146,0
146,2
146,3
146,5
147,1
147,2
147,4
147,5
148,0
148,2
148,3
148,5
150,0
150,2
150,3
150,5
151,1
151,2
153,0
153,1
153,3
154,0
154,1
154,3
155,0
155,2
155,4
155,5
156,1
156,2
156,4
156,5
157,0
157,2
157,3
158,1
158,2
159,0
159,2
159,3
162,1
162,2
166,0
166,1
166,3
166,4
166,2
162,3
162,0
159,1
158,3
158,0
157,1
156,6
156,3
156,0
155,3
155,1
154,2
153,4
153,2
151,3
151,0
150,4
150,1
148,4
148,1
147,6
147,3
147,0
146,4
146,1
145,2
143,3
143,1
141,3
141,0
140,3
140,0
138,3
138,0
137,4
137,1
135,4
135,2
134,4
134,1
132,4
132,1
131,24
131,21
131,19
131,16
131,13
131,11
131,8
131,5
131,2
131,0
128,3
128,0
126,2
125,4
125,1
123,2
123,0
122,1
121,3
121,1
119,4
119,1
118,6
118,4
118,1
117,6
117,4
117,1
116,5
116,3
116,0
114,3
114,0
112,7
112,4
112,1
110,6
110,3
110,0
109,2
109,0
108,2
106,4
106,2
105,4
105,1
103,2
103,0
102,2
100,3
100,1
99,3
99,0
98,3
98,0
96,2
95,4
95,2
93,5
93,2
93,0
92,2
91,4
91,1
90,3
90,0
88,1
86,5
86,2
85,3
85,0
84,2
83,4
83,1
81,5
81,2
80,4
80,2
78,4
78,1
77,3
77,1
76,2
74,4
74,2
73,6
73,3
73,0
71,3
71,0
70,3
70,1
69,3
69,0
67,2
67,0
66,3
66,0
64,3
64,0
62,3
62,0
61,3
61,0
60,2
60,0
58,2
57,4
57,2
55,3
55,0
54,2
54,0
52,2
50,5
50,3
50,0
49,5
49,2
49,0
48,2
46,4
46,2
45,4
45,1
43,3
43,1
42,3
42,0
41,2
39,3
39,0
37,3
37,0
35,2
34,4
34,2
33,3
33,0
31,3
31,0
30,2
28,4
28,2
27,4
27,1
25,3
25,0
23,2
21,4
21,2
20,23
20,20
20,18
20,15
20,12
20,9
20,7
20,4
20,1
18,4
18,1
17,3
17,1
16,2
15,4
15,1
14,7
14,4
14,1
13,4
13,1
12,3
12,0
10,5
10,2
9,5
9,3
9,0
8,1
7,2
7,0
5,1
4,3
4,1
3,1
2,22
2,20
2,17
2,12
2,8
2,6
2,2
0,576
0,572
2,15
129,1
0,510
0,498
1,1
0,408
1,3
0,322
1,0
2,14
2,1
0,243
2,10
2,3
2,0
0,9
0,524
0,360
0,238
0,496
0,359
0,237
0,501
0,575
0,236
0,561
0,316
0,235
0,499
0,358
0,234
0,500
0,345
0,233
0,557
0,558
0,232
0,483
0,355
0,231
0,565
0,431
0,230
0,356
0,430
0,229
0,375
0,354
0,228
0,429
0,570
0,227
0,522
0,544
0,226
0,428
0,351
0,225
0,556
0,427
0,224
0,548
0,437
0,223
0,520
0,350
0,222
0,519
0,349
0,221
0,491
0,348
0,220
0,371
0,426
0,219
0,475
0,347
0,218
0,425
0,469
0,217
0,517
0,492
0,216
0,473
0,344
0,215
0,472
0,450
0,214
0,516
0,543
0,213
0,422
0,343
0,212
0,421
0,456
0,211
0,420
0,433
0,210
0,432
0,340
0,209
0,502
0,515
0,208
0,481
0,419
0,207
0,487
0,339
0,206
0,440
0,338
0,205
0,470
0,337
0,204
0,564
0,336
0,203
0,453
0,335
0,202
0,384
0,334
0,201
0,373
0,416
0,200
0,490
0,333
0,199
0,514
0,329
0,198
0,448
0,415
0,197
0,414
0,391
0,196
0,413
0,352
0,195
0,495
0,423
0,194
0,328
0,541
0,193
0,353
0,326
0,192
0,493
0,509
0,63
0,406
0,410
0,62
0,542
0,325
0,61
0,532
0,324
0,60
0,395
0,323
0,59
0,539
0,321
0,58
0,320
0,57
0,471
0,319
0,56
0,331
0,409
0,55
0,467
0,318
0,54
0,489
0,357
0,53
0,407
0,560
0,52
0,513
0,315
0,51
0,536
0,314
0,50
0,327
0,313
0,49
0,488
0,312
0,48
0,562
0,311
0,47
0,559
0,309
0,46
0,466
0,306
0,45
0,465
0,301
0,6
0,5
0,1
0,566
0,11
0,4
0,2
0,3
0,7
